40
725 24 958 897 467 1446 1207 492 1491 1550 970 1214 700 951 1459 978 1471 396 1235 696 1214 368 960 107 1766 737 1405 628 382 1295 1675 301 1685 910 1967 713 23 715 1366 1378 
1377 1996 983 1971 725 75 952 488 624 947 212 642 1818 939 27 143 1053 132 346 41 426 110 412 973 1128 1888 561 1424 1630 1927 1871 1485 851 1646 1638 962 1108 815 776 1612 
1878 57 9 1567 397 1779 787 987 1948 768 1069 1595 1118 371 781 224 724 1204 348 1789 127 451 649 292 1809 541 544 18 847 510 1420 1542 314 1446 1658 1799 1695 78 1249 807 
907 236 223 770 1138 1157 965 156 962 1283 1782 1706 1396 1143 1788 1423 499 1361 1388 1802 607 1214 1067 222 900 240 272 499 423 1124 347 219 1505 305 999 1415 208 1037 1613 250 
218 1188 1865 62 51 1115 1840 486 288 1889 1634 1044 92 1079 829 1740 652 1442 1970 889 1567 927 1948 1823 136 1078 1437 1440 1246 674 299 738 1219 624 140 1953 1140 805 1982 305 
433 1621 827 1607 1742 210 1210 473 777 226 488 1794 845 516 377 667 1382 372 1050 1590 1446 685 1529 1837 1351 702 1464 699 289 144 621 1384 1774 1927 1053 651 733 39 1947 171 
1300 873 571 1639 714 717 1820 1015 1412 642 501 210 1966 245 1199 1441 1580 1175 4 1524 1553 82 1558 979 1039 812 947 1400 976 1485 167 1644 902 1374 274 142 1598 146 1692 811 
1978 682 1926 474 238 323 435 1896 1995 738 1240 948 1259 596 287 27 844 927 1986 1750 1889 493 1462 1842 1077 58 1733 929 961 139 1105 1983 255 529 1078 392 1664 607 1295 1064 
572 888 1660 627 472 1453 771 214 621 1094 1892 589 1622 798 817 167 745 196 93 1383 234 1359 564 444 237 1793 716 803 379 576 459 955 102 1137 1369 1513 224 1909 823 1373 
1689 777 1232 709 1832 1161 911 305 412 1701 113 23 819 726 732 1784 1338 258 1680 146 790 1038 605 1559 1571 1796 1478 1390 587 1782 1493 857 1257 81 1886 1431 1374 1365 120 90 
468 356 329 1435 1922 649 1041 813 1791 347 123 1695 1274 1986 1039 1622 777 122 1179 1643 1600 1142 1988 464 1653 518 743 1209 914 683 980 105 890 1354 286 1802 416 864 1244 321 
484 661 1972 1553 1711 1508 1528 1263 641 778 209 1254 1273 1853 1980 1676 21 239 1538 564 1546 947 1724 1078 1542 63 1911 1372 212 594 1860 14 1121 440 3 1888 717 1947 1 1658 
1971 301 1615 504 1884 500 1766 724 160 37 1319 1617 1407 244 1976 793 1408 1722 140 1993 728 88 33 346 829 27 1232 4 411 368 1313 127 1927 1402 1758 810 450 994 872 287 
992 879 1375 1782 1833 1222 590 1178 592 979 1221 1113 1810 153 604 991 321 710 292 501 882 1931 784 1974 20 666 4 1651 723 272 1453 727 555 1606 609 845 432 1251 1048 1377 
1549 1892 1483 1012 348 318 876 532 1430 1186 1590 1579 1723 51 1895 951 1188 85 107 570 1958 758 890 1923 474 465 1237 189 316 256 829 518 1856 1618 1493 1266 732 1438 9 1841 
1874 1255 847 1502 28 864 748 1562 413 290 1290 1481 149 1899 729 667 1029 1113 1716 1261 1028 1656 1269 945 977 264 204 587 554 322 1932 1166 957 892 1094 1671 861 1372 985 455 
1336 89 394 359 22 472 1441 967 852 1846 117 343 1153 193 937 1450 728 1340 1574 984 1680 642 427 275 641 714 1139 780 328 524 1334 566 716 164 802 779 1042 1204 427 815 
926 367 288 1314 779 99 1792 505 45 1462 877 1599 1941 21 1745 616 468 1513 1870 358 195 298 522 208 1667 600 906 383 1713 152 14 651 124 1484 1390 118 1194 1863 259 103 
1447 655 1929 105 1440 1876 1059 1621 1103 1183 1488 302 808 1998 1133 747 419 128 715 1946 203 860 226 131 1670 1719 1893 1067 1958 533 920 1146 1648 1887 1392 1311 250 1414 475 1938 
1866 1031 1200 1802 1709 416 983 160 326 1650 11 772 487 1431 1247 127 676 1461 816 537 1366 644 57 523 638 461 172 551 1179 868 1024 1127 125 1303 598 1188 411 599 817 1480 
1090 1174 1125 533 510 1457 190 423 606 977 1716 1736 451 61 1342 339 602 626 1557 1835 843 1189 1898 268 1440 584 747 1314 1465 923 1538 1882 1071 1653 462 965 184 1556 1862 1092 
44 1473 1003 240 1749 1367 909 377 540 501 1537 162 1985 1426 754 1354 186 1633 326 1406 1393 1717 1746 1293 215 1143 976 173 461 133 1999 1884 1925 29 1324 921 532 1707 1824 1940 
107 383 1258 435 1462 114 1407 1127 629 1387 1791 1055 217 1869 202 1323 1585 643 1394 1091 261 1391 1266 1465 1842 1134 175 251 40 944 79 478 544 1671 872 1624 1027 814 1369 781 
1383 1885 1374 1613 1930 826 1360 795 132 1025 60 1184 1240 247 486 785 203 1148 365 303 1784 1039 1824 190 212 710 1073 760 1470 1342 313 1954 952 576 1692 335 796 757 607 1284 
393 1035 327 589 557 952 947 1710 840 1374 477 1211 782 672 909 1724 125 1716 1407 475 319 841 1606 736 962 315 1601 1007 1047 853 252 1280 792 1895 858 1968 109 472 1330 86 
400 221 407 1481 1248 1082 877 943 115 312 1657 1769 608 408 8 734 1852 135 1267 1316 1186 867 1537 1254 1640 1629 397 1587 528 335 778 211 189 1040 132 143 439 229 665 161 
1904 1531 1224 938 1335 1234 280 1699 253 1404 940 1478 919 806 629 126 1299 742 697 540 1950 1862 595 1596 1093 288 1403 903 43 1403 904 1673 1098 276 1282 1878 1005 1232 1037 137 
1614 1665 643 77 988 935 1857 32 1087 73 1589 1525 1247 325 1014 969 1889 596 1284 455 1555 145 1154 1456 1659 860 322 1317 859 1338 1359 231 1271 1407 480 994 1338 1310 1548 1092 
373 176 985 68 794 1091 1962 737 1705 1237 1384 633 1673 258 1439 236 1129 1002 141 1583 1638 1815 22 1685 912 1453 1100 11 1417 1010 1118 339 1181 1168 1806 531 936 1785 1527 830 
325 123 1390 1636 1363 100 408 422 477 1831 317 301 57 879 1963 1579 112 36 462 673 944 908 1215 1555 351 1651 1819 105 1521 750 261 87 348 1341 302 1424 26 751 1940 870 
254 346 505 997 1866 75 1045 1281 33 1563 303 429 73 1827 1416 973 915 1329 568 814 669 1195 1341 564 263 83 1361 1093 1638 620 539 1189 134 1724 905 960 1251 435 61 1071 
1257 1083 437 21 1530 1456 224 1273 1952 545 141 1050 932 280 406 302 446 1255 190 571 606 371 1174 665 907 245 1030 1383 1434 1550 730 445 417 283 1994 1026 940 202 1071 1888 
1199 588 1475 1733 1901 956 793 1787 857 1326 1421 1850 1612 923 1740 571 486 1900 1703 1984 840 1733 468 1651 801 1493 646 621 503 1498 782 1160 744 1082 1281 919 1906 1199 1996 1956 
1344 483 998 522 534 221 1829 1860 1903 1018 292 1621 1700 1391 1619 1850 816 446 607 813 1618 568 180 1419 563 594 1584 728 1241 1546 1673 1729 107 1548 178 547 1061 768 426 234 
1774 870 1942 445 1912 885 688 184 1992 288 175 1977 423 1659 713 1440 984 332 183 1648 1707 485 1944 475 1233 449 760 1645 81 1789 210 311 906 601 1412 207 1178 367 1874 1014 
1439 803 653 251 1324 507 294 750 686 146 1726 1927 608 599 1087 776 395 827 624 1440 1218 1835 789 226 157 1531 1238 261 1635 1316 305 381 926 414 962 442 698 946 226 1023 
239 57 1405 1254 1983 1193 1080 434 689 658 195 1621 367 179 1468 259 1501 83 1732 22 1691 1164 1270 1075 1805 1722 1029 1886 1657 757 277 218 561 427 957 307 609 1363 1291 927 
491 1629 904 706 625 1421 1710 1441 339 1625 1287 1274 26 1905 520 1570 84 1199 862 1519 1585 1519 1143 1671 461 1328 661 904 767 1996 318 489 1904 1765 568 1280 897 1648 675 790 
119 630 374 329 520 1784 1967 321 1354 1956 1014 1877 1833 1366 913 1006 1098 704 877 923 1471 236 923 1799 1546 801 9 1832 1748 1205 915 1465 1712 1282 474 1403 556 844 452 231 
1096 1281 579 1560 27 386 906 1527 1522 1906 510 1382 1705 716 1258 1216 223 42 597 609 789 1763 983 1378 808 100 1146 8 1023 147 510 654 375 1103 1504 1536 221 1532 603 218 
