20
85 4 20 194 26 121 48 164 193 185 53 87 63 164 162 191 38 118 1 39 
160 101 124 43 72 106 85 181 67 166 26 171 29 32 144 9 137 108 167 27 
72 181 159 198 78 70 33 183 1 6 161 20 36 154 27 42 19 96 19 191 
32 121 137 49 69 29 197 134 171 46 104 157 59 14 107 29 10 146 139 101 
50 124 21 100 55 27 151 90 183 62 152 14 14 169 24 97 152 126 91 171 
128 63 65 20 57 99 106 86 147 88 185 193 9 169 46 143 152 111 120 106 
90 140 99 138 20 86 54 67 5 89 144 46 8 176 93 159 123 61 107 31 
177 15 2 187 13 180 179 77 128 151 55 25 125 11 116 75 91 137 124 31 
179 62 22 89 19 97 81 134 97 132 110 34 196 72 150 27 159 70 108 198 
127 187 100 137 24 59 107 145 75 178 25 5 43 126 69 162 168 121 127 57 
43 15 188 126 99 58 85 137 191 158 97 98 157 10 197 105 107 75 89 92 
84 120 109 157 21 105 139 91 168 41 86 120 177 158 164 2 87 134 56 30 
77 5 59 106 98 172 148 49 118 60 85 133 38 67 24 72 89 30 66 35 
99 136 7 163 98 146 134 160 96 148 110 192 1 10 81 44 101 18 152 65 
16 53 167 10 56 117 11 12 6 38 161 18 113 143 169 10 96 75 42 95 
134 139 151 200 170 150 99 105 184 148 34 137 50 103 184 68 99 52 109 26 
126 8 49 32 98 94 44 165 145 112 177 167 41 172 148 7 42 41 90 178 
137 49 80 193 156 98 31 188 159 80 14 179 47 93 193 197 77 4 168 52 
6 66 139 104 64 198 28 51 95 170 77 85 153 106 108 114 86 133 12 9 
68 2 87 181 26 53 9 169 180 17 70 7 126 184 70 162 52 65 152 54 
