80
797 344 753 2 12 298 145 1628 298 1364 1716 183 235 522 167 1200 1643 535 1975 1951 979 500 1606 588 1351 654 1441 645 852 1015 160 558 488 1675 813 344 482 789 1801 597 1132 1299 1643 1659 1317 1512 1866 1975 708 1968 1197 691 1498 489 609 1995 1272 1809 1643 1325 225 1258 1247 480 641 1813 1713 1302 606 734 633 1124 1261 1588 1468 705 664 476 568 1261 
1375 1814 1696 997 541 336 825 1412 540 489 1636 1228 1851 841 1726 1077 1919 1888 564 1893 760 1804 1050 1713 1830 1454 1870 1170 155 1967 809 108 690 1887 1910 507 913 1359 1414 623 1995 1296 1810 905 1033 347 1267 294 1450 706 367 1308 1560 38 1428 659 142 875 186 310 1751 601 1396 1354 1863 1525 168 1198 576 783 1503 1203 942 813 143 317 84 424 1047 1563 
59 293 10 148 1703 1542 879 515 733 1506 568 788 1650 595 1107 863 1030 1438 1150 1989 961 1593 190 680 844 536 497 64 931 856 1441 1643 1961 351 1964 117 1197 483 787 856 763 219 592 1141 1670 1763 684 1220 789 1860 1119 1672 1884 1443 377 679 861 1480 1856 153 1742 259 1867 15 1068 874 591 1094 592 1397 1272 1051 1857 638 650 1313 171 755 680 1568 
366 1470 1765 1217 170 983 633 312 313 343 1558 1697 1533 1777 939 1486 1757 1997 601 367 986 1652 421 1491 566 1299 1021 1887 1287 281 79 1613 217 627 1126 230 1186 763 565 1714 217 1500 1593 1519 1865 458 1547 353 259 1071 595 1097 1554 680 1059 57 1603 1954 1875 391 1236 655 136 1776 956 1213 59 1423 380 633 1287 1582 516 848 771 780 73 1414 1313 1935 
806 1434 757 1388 1248 1050 1818 1189 143 339 194 1922 777 1788 845 1507 1361 19 1612 1221 1745 1576 341 563 1315 1961 554 1119 342 1053 597 1345 1022 1637 1927 1679 1869 1088 994 1582 1986 638 1155 56 1215 1655 932 1582 1903 1821 1648 1919 583 1103 1849 634 1181 1632 759 977 630 1687 497 1951 1460 1912 1297 587 224 259 1155 1725 932 1483 1214 704 701 1834 630 1960 
1519 1843 689 455 745 1096 1593 795 74 333 1553 1273 980 157 380 144 1135 1243 410 903 1202 1627 1140 361 1406 259 1018 723 395 732 139 234 999 525 69 1170 156 1498 397 1533 418 825 994 33 1973 437 45 877 1688 1526 1931 1292 1001 1553 990 491 1527 1260 33 840 770 1589 699 412 370 755 1781 1818 522 1389 1055 664 798 1242 256 686 1971 1033 1101 1053 
758 641 1180 1058 831 763 249 442 1111 767 377 1192 377 477 1981 597 581 942 169 23 858 377 630 1957 725 1241 868 74 1413 1583 1124 1673 1841 453 293 912 1516 1283 1197 1263 135 1045 1755 1322 312 1068 698 1917 746 100 1465 1585 1493 1670 1385 1276 1407 1391 1478 1677 51 1793 1658 1224 1665 1272 62 974 886 271 386 1794 270 500 991 1879 1447 1866 1530 1454 
904 302 252 174 529 844 1857 1204 213 1778 622 1614 949 197 1286 451 1887 323 862 774 855 185 1103 666 580 1830 1564 1223 1503 207 661 1149 1559 1300 1468 1641 1689 1539 550 118 1438 172 1651 182 180 1701 1793 657 786 1119 958 173 646 1848 1069 1999 1362 642 540 817 1975 1492 1011 1669 1376 527 1935 472 1698 1460 1007 186 1842 20 111 781 664 1736 468 1404 
1410 82 1734 1518 1260 1380 581 1707 1071 527 101 1534 1671 255 1468 699 410 1397 830 1028 1830 677 1206 295 1578 1522 360 522 631 1638 100 41 1896 854 158 255 1776 1269 364 1491 323 1527 784 1653 1480 329 727 1722 717 1312 1217 612 204 1327 161 1429 492 93 1879 85 1323 503 1452 1410 379 1057 1390 1240 1050 834 189 546 1431 897 1781 863 529 379 1149 472 
210 583 1279 1632 1948 1915 857 1293 1363 63 1268 631 827 99 323 143 387 765 1101 1970 787 1461 1023 622 1633 341 636 1955 330 203 902 1245 1568 1041 18 1442 1039 1007 1782 151 660 47 246 1656 1008 1954 944 1895 1913 1729 693 1349 1697 1670 1337 191 1100 315 1244 666 636 899 1354 1058 1791 1432 624 1728 1996 1237 1392 986 1481 805 423 1599 1041 1964 588 115 
1572 1221 76 1688 575 507 1876 1822 461 1419 623 604 46 1625 145 1487 1416 1715 338 658 347 1604 1647 111 921 313 989 773 182 1625 1727 1739 1212 192 123 403 1522 1389 1816 35 1438 541 1675 1552 1704 679 1346 1131 833 602 1824 1969 1237 1939 778 1325 237 1300 1793 1361 1463 497 1873 262 73 44 1754 624 420 1796 141 677 54 713 889 1166 1763 420 374 79 
901 1717 1329 1108 353 908 986 989 1307 172 731 28 461 972 1738 1900 1860 1392 1776 1348 1996 1576 1035 1084 653 952 1408 512 1526 40 773 1746 1401 1900 1455 629 1159 6 439 183 13 1322 658 1006 367 1811 305 198 1204 836 1654 682 1986 642 185 386 812 1024 730 59 1001 1563 1431 1037 279 1511 224 1257 431 1561 345 82 395 54 1712 702 1845 1068 528 956 
1362 1424 901 440 207 504 16 732 1034 842 1933 1386 1813 612 1668 1112 1174 286 1709 362 1026 1501 1112 1814 651 1193 219 1700 1176 1169 861 997 1589 1421 1219 1078 1786 740 456 533 752 1071 1523 547 1360 1645 1539 1690 1422 249 174 1184 1575 586 1419 1069 1447 1241 556 1690 1647 600 497 634 533 769 360 157 1627 1756 937 1987 324 821 1586 398 1892 1950 142 1515 
984 800 1931 1907 23 1640 683 556 71 1920 523 1765 162 1451 899 274 538 165 734 181 715 1098 91 318 272 422 1330 1044 1897 1645 539 1588 1819 396 1947 585 393 1855 288 1246 1041 164 272 1968 634 640 1501 1046 109 753 1868 293 577 1604 821 1007 1579 1416 1085 157 710 451 1763 1165 512 1635 1544 1453 485 1255 1890 1128 1039 1359 1539 672 1518 1153 1701 1102 
213 126 1641 742 53 180 1537 1326 1390 1029 1530 352 1443 920 1117 61 109 1103 1928 1077 643 1160 1881 757 441 1336 715 432 118 1109 1172 385 442 1090 286 255 528 865 613 802 1008 1236 2000 886 824 1668 643 1117 1820 598 660 1738 60 795 621 171 1013 215 1777 1206 283 1156 322 1096 1621 1671 691 1129 1465 1763 394 756 969 461 1416 886 1054 1680 1115 1893 
549 1602 884 355 935 1142 1509 1202 989 1955 125 1594 867 1078 1831 1994 733 1107 95 1371 568 1810 1799 1995 1202 1576 586 425 1948 1234 815 44 590 345 1935 184 316 1091 1146 1171 760 342 1975 837 345 723 43 1327 1690 1856 92 1326 693 1542 1414 1424 1330 669 1133 678 330 516 1989 1946 241 1509 1967 1731 1028 824 404 1958 1183 1303 1894 351 962 3 645 1601 
1333 53 160 1050 169 791 1325 1131 369 1812 1643 1766 641 1468 1925 1768 1653 221 1482 1066 1206 1359 587 1698 1737 750 644 1887 1512 1966 222 1414 197 1818 132 1702 1403 1293 1893 531 567 1989 1978 144 1560 404 1577 1470 211 1593 409 1205 1530 78 342 320 1134 1043 1031 1678 1634 956 1934 1318 210 487 960 619 884 544 214 64 1565 936 659 750 615 3 1239 1731 
690 1648 724 269 1993 431 447 775 710 527 1752 292 1208 149 605 1658 532 1843 716 1008 874 1944 1352 427 1466 837 1326 85 1111 704 105 1328 330 1932 1362 89 666 697 1020 1504 570 1224 623 471 1731 1089 99 570 1716 120 592 1486 1719 190 643 1340 1767 1092 1971 1599 1663 1621 405 1756 1764 1668 1773 67 1397 756 614 739 1137 1143 1348 370 474 153 1783 1213 
9 1069 899 76 771 1576 1390 1546 1658 317 474 1380 1735 1625 1108 1536 86 65 827 848 578 1320 1285 503 1603 1508 446 1243 486 1011 227 235 1820 1819 302 211 228 463 1634 1582 29 809 298 923 263 1492 685 1748 1322 1241 1285 1114 1450 1933 1824 1077 1785 1224 1862 59 1197 473 1501 846 20 1784 1353 1195 836 1580 1687 239 1928 1614 1564 1597 568 526 346 959 
120 69 723 1561 260 203 1297 1764 1962 1945 357 121 1513 641 1950 1275 873 1293 188 1739 1883 1717 597 566 97 1462 744 946 1745 399 497 1529 1895 637 1373 1685 105 1642 734 1660 1342 241 113 1678 1185 1989 1885 1245 1107 1890 1599 1963 735 1268 148 171 674 1063 1894 1153 1899 1615 123 843 687 1481 1050 692 320 754 1904 1351 526 1430 1362 1617 1278 1051 1124 266 
843 1104 729 1861 1770 1456 91 917 259 811 494 274 1517 1510 1104 1309 1464 1586 1460 1665 1393 715 79 1211 1345 50 530 699 631 1197 681 1642 1896 909 1843 1598 980 336 452 461 378 1849 1607 1311 1327 253 1896 1590 1659 1150 1425 1090 516 1997 1267 640 1791 1548 87 1859 628 162 1381 1702 546 1730 1557 753 131 30 1989 1178 1489 1000 651 1133 1673 842 154 1375 
1327 359 890 96 498 1137 1747 831 1249 123 1162 674 270 1746 1248 1494 466 744 1607 4 1 1793 967 773 207 306 464 1255 372 646 272 911 524 1075 151 450 1458 1805 233 463 334 425 771 1360 1564 581 1042 1393 255 38 1617 975 1749 177 1617 1205 1613 1022 702 1362 391 330 144 1167 1931 1916 1855 864 1756 970 1243 778 1054 317 1978 1540 1062 131 563 800 
1441 915 1562 1163 312 102 909 1459 178 1620 911 1017 938 156 1939 439 1923 1641 76 1620 1369 1201 1730 1733 650 111 1271 1478 164 1460 42 602 17 201 540 704 1633 1016 849 774 838 1020 218 1186 534 1990 257 510 1804 529 932 1476 816 665 1685 1386 216 871 257 1616 1279 464 752 1480 1365 95 1997 1909 40 1039 647 951 689 126 1174 1013 1010 990 737 957 
1342 78 736 296 393 1593 1070 1745 850 1805 129 263 1662 639 1165 1137 1336 1085 38 498 101 51 1013 46 988 1522 1916 1979 1510 222 989 843 930 1927 1080 121 1245 1819 1347 146 1040 873 1199 374 346 777 793 302 399 1803 351 529 1233 1533 1395 370 222 1776 1700 1276 1723 509 123 1793 1423 1236 1747 1326 291 1238 718 180 201 1252 1667 307 1673 38 348 727 
1028 1633 1743 1767 1859 99 747 1260 1040 1905 902 1199 647 579 1988 454 606 381 875 769 227 881 117 927 677 1332 853 598 1301 1183 813 419 318 1175 143 623 19 894 1987 611 713 139 1017 221 597 1688 1936 1731 422 650 1414 1175 133 1542 1216 1564 508 418 428 1656 662 1498 1141 715 1830 709 1368 607 762 1431 1077 576 1281 1927 1127 685 1658 228 1287 1551 
511 851 1741 378 562 684 1961 1219 1431 567 418 1761 803 177 557 134 50 499 816 175 447 52 1175 794 1408 398 1734 1880 2000 1119 1632 1635 209 1937 584 1154 449 763 1030 1579 1805 1049 1501 904 244 938 1482 61 93 1257 1775 1656 1514 1167 945 234 1455 966 1695 198 1102 417 1764 1191 1477 1610 1791 918 203 1675 305 1357 1222 1586 1942 1414 1889 639 615 599 
1836 911 655 1554 1412 782 1789 1351 709 1657 682 1438 221 1010 284 754 274 1559 793 1727 1847 309 704 1520 1435 344 661 1330 882 198 155 877 1785 1374 215 1476 1204 1275 610 395 618 781 559 808 1923 1850 1454 813 1185 384 448 1813 413 687 1116 829 1123 245 625 261 1984 601 269 1815 1371 1468 334 743 194 1549 1047 635 1862 1100 1237 925 1626 721 114 1951 
1256 670 426 511 549 434 700 1067 1894 352 995 1062 195 1199 1094 1356 490 1539 13 1778 535 876 245 833 1746 285 53 1509 218 543 2 1473 1697 1447 288 1333 1912 1702 1050 1507 285 1248 516 1390 129 1408 1342 468 431 73 140 878 922 1359 1316 309 1270 296 1927 1991 202 1229 196 1242 644 501 1482 433 1469 1780 332 749 1758 1967 282 1845 1412 244 621 376 
945 312 418 818 595 704 876 1406 1896 468 1667 140 1394 897 1441 611 695 1759 1039 1368 1500 786 1611 880 244 1220 1277 1202 979 323 1579 1328 1176 710 1977 711 874 1910 1812 725 1714 1195 433 1435 1386 1125 1985 1492 1076 668 1113 1109 830 138 527 244 1060 471 375 1342 615 1557 1135 131 1965 173 295 309 856 1113 1446 658 1275 1476 1736 1693 315 1695 1884 52 
1010 358 1742 957 1594 1618 1920 1283 456 1632 1262 1552 342 226 1874 314 614 820 1669 1075 1716 1745 136 1084 60 1367 1746 1674 395 1385 90 716 810 1172 87 1467 472 1380 134 1618 375 1063 284 529 1035 1442 188 1965 1054 1219 1355 42 407 1607 211 1211 475 1069 213 9 389 106 1362 1699 1555 670 124 1989 993 1335 1480 204 1690 1108 135 1608 875 381 437 1427 
1674 1922 1889 721 727 561 1502 968 1859 1532 1546 739 366 601 1197 1010 1717 396 20 355 1692 530 1311 1015 199 1024 632 302 1056 1819 485 836 1796 1161 463 961 719 1304 579 843 1705 621 201 1311 1712 1680 292 144 1928 38 761 734 417 79 179 283 632 353 710 1226 849 901 163 1353 131 1152 1388 785 36 133 1512 811 1975 488 1593 1046 1586 1750 1148 390 
1285 804 449 238 1560 229 908 497 1413 16 1659 1173 374 1297 808 1626 1392 559 865 90 1344 174 1111 177 20 662 420 1439 461 51 1936 59 1043 1118 1077 1850 1130 988 1522 1473 1589 1222 653 1575 1224 281 492 94 913 798 1142 484 922 1388 918 965 424 189 800 627 1656 1423 1399 488 155 316 989 1195 606 1500 1084 978 976 89 1989 1271 1838 1027 327 1758 
961 1429 1891 1142 522 1336 1214 1758 396 567 1206 153 731 770 1944 1269 1732 1718 417 840 1085 1741 627 877 478 723 315 974 736 937 1089 337 1029 765 1904 952 281 1641 1782 628 375 970 462 666 862 596 1020 1785 1814 629 1176 458 670 1751 687 521 1000 1674 631 339 215 81 1362 112 471 1564 788 1908 1342 294 1144 1440 1425 96 511 526 1466 237 811 445 
905 31 1740 1129 1081 1171 1768 1519 836 1944 592 127 346 1829 929 851 638 571 344 175 161 1817 90 1850 307 783 1955 428 806 1862 237 680 902 894 1395 572 1510 1239 646 1270 749 516 1440 1274 817 1916 1079 881 1506 211 1188 564 506 633 613 1769 1012 625 208 781 1227 1237 953 179 164 1864 854 1451 302 492 64 967 1352 357 301 1355 324 1374 604 787 
284 890 288 520 690 1694 209 1366 156 429 575 1096 543 195 889 1653 1675 1575 1645 1536 504 603 1040 1290 799 581 1424 586 1644 835 1800 176 803 698 1268 902 1104 1088 1110 1368 1283 1451 1480 294 956 937 403 375 1652 641 719 2000 1548 538 1788 710 329 1819 641 592 97 1299 1394 912 1359 474 871 1972 1917 967 587 1992 402 627 467 702 1674 957 1664 337 
1238 592 1078 662 1875 867 797 1491 1647 383 439 405 1545 294 1924 189 1944 737 1427 1866 608 315 1578 1245 1680 413 1431 521 1983 1353 40 90 1737 171 1912 279 4 1756 1291 1387 920 569 428 160 1934 484 1124 1917 1175 1225 1918 1666 1201 180 825 928 214 945 158 895 1717 1588 402 1978 613 1642 1694 1182 1767 671 1229 1939 172 353 262 474 1751 597 1003 1800 
132 1657 145 17 1336 1514 1041 1561 27 807 782 71 1252 421 1128 299 563 1412 624 1409 1237 210 845 950 1427 463 558 1530 28 193 305 1799 357 1433 564 818 1358 261 1674 991 839 1335 560 1241 1042 214 1328 1442 1674 1875 645 408 1637 1039 1569 778 102 539 748 1689 1110 433 1742 434 1252 1937 1518 1530 762 1805 907 1323 530 9 635 1935 89 158 83 1290 
963 638 1431 1964 431 653 1570 1271 540 974 1383 1487 652 1307 297 480 1448 1001 1401 564 517 523 1198 916 677 1366 969 622 1936 1045 745 745 1909 525 700 805 396 1380 824 70 14 1838 905 563 86 872 1691 1737 506 1673 1259 198 1973 1925 1737 1923 1015 548 176 417 208 499 1401 503 1384 809 1293 298 1618 380 1738 1839 1026 1956 568 733 461 321 844 1495 
1376 1449 797 888 1956 357 149 751 1744 220 1994 606 768 1440 1645 749 1956 1208 706 1220 1500 1181 994 1497 706 1065 589 454 1064 604 1252 367 1476 1809 1767 963 1674 993 1402 1601 1689 263 1277 45 632 692 267 995 1122 963 787 218 1983 607 1238 1757 342 1651 1696 358 1263 1347 1307 1996 1150 1914 576 159 573 1843 127 465 1673 1004 1697 71 1056 1607 332 1472 
73 690 967 1349 1093 1850 1855 1586 1220 1116 41 644 507 701 1976 1972 901 442 1986 1619 1719 1746 462 1286 1144 1218 1120 1892 609 1905 408 205 1393 526 104 845 1861 166 37 1745 22 1147 1664 1529 483 417 1429 751 929 1451 643 1128 415 1141 1581 872 1247 899 993 1355 1170 138 1799 1009 1363 1821 1868 41 1399 412 640 17 355 807 1420 1261 495 1849 568 742 
362 1283 1548 1109 46 1302 1093 1985 821 1254 347 948 1931 1691 1009 1957 726 841 1820 1217 900 274 791 443 1988 682 54 1335 392 412 570 1681 1257 1964 53 1395 843 1564 878 1942 866 1474 871 1337 629 778 1581 144 850 600 1408 1759 563 1505 1123 87 688 1035 198 815 1797 354 579 23 1829 1196 165 1225 1278 1631 1552 322 1311 1665 1373 1056 311 448 564 923 
1568 564 1663 1224 668 994 1005 1804 543 114 1300 1710 414 1059 474 1553 1526 1437 1478 1712 1903 39 1234 1723 1010 1450 1012 49 1802 1350 1438 974 1639 1412 739 583 40 155 1770 707 1946 1847 232 668 491 1671 409 1542 420 358 1470 144 583 620 14 1305 54 1829 70 437 1540 962 723 928 751 271 1906 1905 350 1542 1797 1699 375 914 217 976 821 6 502 287 
280 78 1206 448 493 342 250 949 1616 858 1177 1443 975 1598 1675 745 753 1487 1093 209 742 1002 661 1941 1009 1675 64 99 1043 872 1610 1875 1338 399 1174 425 586 237 271 1095 874 1505 390 1700 866 401 1517 642 1956 619 1044 381 745 750 1441 384 1485 1706 469 604 574 981 1629 1419 448 1872 1910 818 1893 169 1909 438 1163 1955 1045 16 518 115 1746 1859 
64 443 390 1485 894 300 1954 701 1605 1031 784 468 1836 1878 1654 1519 164 1497 142 1012 1990 1603 1731 1466 747 70 670 1070 1314 779 1826 660 1245 183 885 1690 1037 1067 1056 1427 96 1195 1641 611 407 401 751 1334 269 722 645 726 997 65 1043 157 819 3 377 951 1182 339 1493 795 1060 1047 1399 876 1103 227 499 283 614 1116 631 1056 103 1759 1790 281 
404 1747 84 929 1115 685 1419 276 1498 50 397 386 1363 34 451 115 300 1155 389 490 794 1324 147 1085 976 3 164 4 1282 1993 844 1567 671 1684 547 157 1087 957 404 1386 601 1260 83 280 871 1168 371 1186 382 147 1735 461 1129 270 1991 368 997 1209 1766 1990 1154 1973 1489 657 872 1630 1402 1121 201 139 278 69 1334 1591 1907 1409 805 181 1503 369 
1952 576 133 284 433 1505 1833 461 1581 1604 86 798 703 637 1269 38 199 1895 1441 709 1058 1389 57 1629 1371 1757 693 1188 1570 41 989 279 284 1744 166 1936 1580 1837 975 1483 865 974 1659 1782 991 56 767 1223 307 472 1039 146 801 1165 1796 1467 1311 917 385 441 120 1621 1014 92 1114 636 1540 497 753 906 1154 1043 1912 1854 607 468 1628 365 1769 1516 
244 874 1229 368 1422 290 752 935 1915 1446 350 169 1182 319 1265 1706 1873 221 1077 918 1448 1952 1145 1308 714 459 936 1792 1230 230 329 1708 290 755 627 183 1921 1651 1685 1480 406 938 470 1244 1100 1904 1400 343 1385 1145 722 1863 1706 1512 462 1935 1424 223 1007 563 795 1754 1704 1151 1350 525 969 1037 1843 970 1323 1271 1400 1432 1583 1945 459 976 1809 1947 
170 810 3 1102 110 488 583 1140 657 1329 1836 533 333 801 958 1454 791 1806 1111 1789 348 1566 202 267 442 1416 1346 425 1458 200 1158 1791 1676 1527 1103 1808 93 1386 1261 1394 421 1337 1255 557 1163 1603 818 1249 909 1136 564 1933 1602 1591 522 1453 307 130 70 1012 537 606 77 1402 280 1127 560 568 1325 1236 216 658 420 863 1752 899 1918 456 590 1423 
160 570 890 373 1087 29 754 837 1627 1726 117 673 1753 524 1934 1797 54 356 28 603 328 976 1440 987 55 667 1398 1 1004 1256 472 193 1465 611 1071 1423 1594 1464 1643 1450 1034 1876 805 1784 937 1417 1139 1784 1228 1941 1516 1780 165 836 892 1158 885 261 922 1404 1680 1499 9 1727 1135 677 1676 1264 459 1777 1901 580 1785 396 1503 1362 1697 44 530 1498 
1732 1058 920 137 1981 650 1270 970 1399 69 1868 831 1743 745 1177 1520 1179 1703 1161 1490 331 750 208 76 367 622 1467 1063 1258 767 453 260 885 99 1255 1586 1927 313 772 1552 1011 35 1204 1408 771 155 687 556 532 305 333 1869 1169 1928 283 506 1125 802 1841 718 619 1545 290 1485 1240 672 1891 1448 235 1321 1103 1215 836 1016 1482 135 1651 183 757 380 
1826 1083 1890 1273 1478 759 1816 533 1169 1936 585 32 556 1634 626 1310 740 369 1314 1683 450 1538 1935 1136 911 1850 373 189 119 1190 1873 24 1853 317 1342 1517 304 1220 461 774 237 705 1082 1348 693 1426 780 431 1793 926 365 1658 1891 1355 444 443 206 1362 671 1850 920 833 492 311 1566 272 394 753 1545 421 147 404 993 1771 301 1187 431 609 346 1799 
1431 1599 1308 150 726 1534 77 823 1848 1289 286 1109 109 1598 1038 1090 1916 1658 798 1614 105 4 1074 856 1795 248 330 708 1249 1239 882 158 687 1324 1687 1806 899 435 715 1757 661 1349 251 1063 1822 1575 975 465 944 1172 1729 300 198 1512 1106 122 701 462 1145 1712 404 668 1453 1742 1216 1790 5 219 131 480 510 1444 1166 480 1950 1447 1204 915 966 1098 
688 1190 1949 722 122 1784 1914 449 1159 1191 306 175 1231 1384 627 1340 370 1595 48 549 525 158 1118 645 506 65 654 942 1014 137 1949 1144 1350 73 1336 1897 716 494 371 806 1079 426 28 408 1610 403 172 3 1198 1325 1790 1203 425 1093 931 1143 593 1471 1220 563 1020 1827 826 1777 1290 1859 891 1784 597 913 390 1024 1767 910 1344 436 1965 646 127 1800 
907 10 24 157 1488 974 1076 211 427 1748 1929 1807 1070 168 774 1966 562 110 734 680 1228 1145 1080 888 1758 1533 710 922 801 791 38 1830 1633 1436 1430 1565 1449 319 651 1217 241 695 1107 1738 789 176 936 1702 920 1760 104 1824 1849 126 292 1973 213 1166 166 1635 397 1423 183 979 1977 1529 1807 1752 1821 1713 558 712 1194 1024 1274 1131 1880 931 1194 1234 
1508 803 1363 1865 1013 391 1681 416 755 1433 872 54 1113 423 811 1623 1930 1739 1309 153 194 1645 134 1345 607 1431 232 1099 592 1113 1698 601 1932 1374 453 555 582 543 1798 1840 1168 102 1876 1228 1854 38 442 1931 412 1961 1974 1141 706 1593 219 483 1495 596 739 1697 484 1770 1338 100 1962 825 743 589 1735 1547 1772 894 468 1229 1041 1453 67 1043 1563 1095 
40 1003 195 1431 805 1711 1924 55 1034 111 837 390 1660 1246 200 1818 293 1260 1185 1768 1421 900 1931 1250 760 246 1656 1824 1280 1352 1400 98 1125 1960 252 1445 481 678 1562 1012 864 320 756 977 304 1485 181 100 86 1694 315 67 1906 770 1339 371 147 105 593 1918 798 1708 983 645 139 842 1240 711 272 1542 1718 1795 786 1247 313 1739 1609 496 840 1082 
356 1897 861 871 1533 317 1332 1210 1662 207 612 1646 1236 1686 241 1767 1714 872 1681 1702 25 182 1710 171 759 436 907 1291 382 1421 1083 387 887 1316 366 203 1190 606 1981 46 1728 398 824 1097 1290 928 910 1521 947 490 445 1226 437 1312 1594 1862 1208 40 132 426 1671 1933 1940 199 87 616 263 1960 1542 763 1327 1880 465 511 231 534 1432 673 694 1915 
1093 1353 1989 1802 443 939 932 1913 1947 33 858 576 1373 841 1788 1728 61 443 1568 214 100 750 914 1503 921 59 647 558 215 529 800 1820 1105 1563 1425 1055 1827 1743 1251 398 26 537 918 1812 695 247 667 436 1840 1894 721 1676 1384 125 1790 1500 609 536 81 712 1198 1864 1941 828 1325 1209 985 784 1381 164 1582 1645 1117 118 192 383 1085 1857 425 811 
617 513 210 466 1531 1746 1739 710 1664 1888 589 1949 790 1486 1262 324 99 827 484 662 282 1011 1230 1469 122 866 448 1176 1144 1742 573 1598 814 1829 714 1345 916 1603 1280 231 686 41 882 1557 709 428 480 716 1627 1402 1628 537 1177 1922 699 551 571 1779 1805 952 175 501 1200 868 1481 1048 1730 1713 763 522 439 1716 1203 605 26 1303 1686 392 982 1899 
571 1132 471 128 1563 1370 1996 755 456 1843 1809 1878 1866 1872 1595 182 1362 1363 1106 1146 841 1854 1206 1079 904 1171 971 524 1294 379 1959 1866 525 203 1726 563 1478 1427 635 1272 1463 1257 50 299 1682 1654 1012 1356 1663 415 882 322 1460 855 614 1256 1173 1779 1022 1035 887 990 1802 1793 9 1245 1689 1148 276 230 862 782 1906 1901 9 1199 1630 1711 515 765 
218 595 1146 868 247 845 1358 1438 1088 1684 1835 221 1896 887 408 1719 469 572 1007 288 621 745 1662 526 96 1639 1822 665 1030 1043 1602 274 1323 438 1873 278 135 1208 712 1378 1123 1360 954 1177 297 1104 1177 1636 1051 15 1754 1338 183 1078 755 2000 970 1551 440 498 1746 1178 1271 306 968 1234 161 688 606 928 1146 316 1445 1726 1042 872 1843 735 1477 97 
291 317 48 1983 252 1859 901 187 1159 1165 705 1601 491 1548 1564 1542 1771 1486 224 1179 1683 589 1869 51 1151 918 1117 914 1901 1710 180 1910 1187 208 666 1626 1892 90 524 168 223 1225 575 287 216 113 183 917 1579 1378 1399 1935 1471 1607 1593 1103 1031 289 81 1086 847 323 1661 1674 1669 95 272 1537 709 1602 1855 974 186 1691 1131 1043 1490 433 640 1928 
1633 1846 1374 1315 1384 1462 534 89 808 405 423 276 1601 168 1033 1014 1824 674 345 1628 393 290 1095 966 1697 971 1805 1462 655 437 1649 1559 1636 738 1724 784 1848 3 876 1577 1591 1515 518 317 700 1204 144 1041 669 1249 255 1220 1175 1652 412 760 1099 689 1917 80 1833 579 193 1353 1452 1422 1611 750 135 372 306 1462 1726 1387 632 1681 920 1455 1578 1428 
914 1412 24 1041 1064 783 1014 1227 1200 454 370 536 1992 1220 1991 343 641 1410 849 260 59 1314 17 1129 180 1934 1843 1944 1115 1777 1423 102 970 435 1725 1690 915 1611 77 263 969 784 725 1878 1410 1249 732 584 156 1734 1607 1770 1982 710 1169 986 1153 1818 1889 392 1455 1394 502 17 634 806 854 1944 896 128 1512 325 765 953 894 99 1377 1152 376 693 
1412 338 405 73 808 198 1194 2000 1006 153 1624 188 1419 826 1145 682 636 230 491 450 1415 1926 736 1357 180 679 1141 295 29 1787 850 1541 1986 686 882 1209 287 556 724 627 1026 33 256 362 1496 961 1646 1563 935 857 1603 801 497 197 1134 326 1735 900 1618 201 1276 73 356 1489 1916 387 1336 17 1181 623 1430 348 661 1468 1347 122 1788 1519 574 1452 
883 56 1512 925 1941 1429 1127 761 573 998 829 498 344 225 1060 225 636 1799 1645 1818 1098 838 186 435 1056 448 1112 86 177 284 1233 164 1993 412 656 1693 860 1247 342 910 1838 343 1165 970 537 1133 1867 1692 1274 500 42 267 652 1707 902 1183 1818 1719 1350 1507 319 1873 126 1004 240 1723 1364 617 444 1337 1906 348 1299 1214 1371 808 165 1444 1953 90 
1884 1744 1415 1965 1309 101 1923 1145 1179 936 982 1516 1484 36 1566 1835 528 239 780 1851 127 220 1682 1371 1187 179 543 148 1622 174 462 644 684 773 235 1383 308 188 632 1896 1835 971 1584 1414 1186 1823 1066 10 1922 655 1471 184 1725 481 1039 836 1894 1950 433 695 1379 1171 1274 370 1122 41 96 402 202 504 383 805 643 1912 1548 1916 553 1112 1640 1441 
413 1186 359 587 524 1838 849 623 276 1223 377 1865 917 1883 540 1308 500 1686 12 1542 854 417 30 263 922 1063 1153 1604 487 1385 1040 295 1225 1426 1946 665 198 1309 1952 99 1814 1142 830 945 1794 1822 1149 1752 892 1827 280 730 1440 1359 1934 151 1849 944 568 1702 1670 952 1756 997 671 1254 1393 1133 1427 1509 1923 1961 451 371 137 632 117 1332 1189 1025 
1457 1800 620 1303 144 1130 1655 909 135 523 777 1147 398 1727 547 1762 597 1462 980 413 201 653 1380 1624 1828 950 994 1029 67 357 556 1005 588 1389 1104 1700 1999 363 1793 1232 812 752 188 1675 1205 917 908 599 1174 826 1802 801 1826 255 601 1065 976 1671 1217 1345 1606 442 1578 1524 372 362 156 74 116 216 148 1609 1680 1495 793 269 245 865 768 1771 
1335 1338 381 2 149 962 443 1748 623 1310 1742 500 5 1193 1622 1279 1521 1399 855 1680 1079 522 791 15 1164 905 1704 250 1909 1981 631 1031 1410 1902 819 824 331 718 194 464 425 1556 624 1749 1848 1051 1258 150 1979 1932 1866 1183 1857 1642 1299 987 151 1740 1920 345 974 736 200 1458 1422 942 1109 1786 843 1835 645 725 503 847 273 60 264 57 1324 112 
1083 1841 973 655 1193 302 449 1316 1689 586 1258 1459 1687 1970 685 389 19 1330 1595 1281 701 689 1630 604 832 1305 215 739 1692 1081 1397 1862 1864 990 1848 807 1607 528 518 1587 1755 1401 1726 1600 1912 1355 1260 1416 618 386 1741 1572 1465 1720 643 1661 620 1032 1867 1263 1884 597 1788 656 1051 156 1747 991 468 1478 61 1104 1252 131 148 951 521 1396 606 690 
1258 1879 130 1868 1544 1272 989 16 4 582 228 1291 369 372 1547 5 762 865 581 736 1687 1610 1597 1266 1548 702 468 1104 1235 659 443 1084 140 1559 1236 481 1585 1449 1172 1275 47 1721 1724 1580 1522 541 1992 445 1583 1094 1847 1442 952 979 1149 193 1404 1492 1749 292 317 1313 1387 29 230 396 345 1434 1853 260 1968 377 1205 1435 825 1069 1495 842 1644 305 
258 36 161 1916 800 1241 1942 567 507 1324 1713 619 1808 1894 1397 750 818 1804 1402 319 1618 239 120 208 1934 1923 1892 1332 984 306 63 1401 1225 561 795 375 1542 115 1776 553 1009 237 126 364 1826 1467 867 1958 1192 1649 1471 1673 1002 291 1878 216 547 297 709 585 766 1565 1241 1340 1086 1831 605 139 34 923 115 114 455 257 1413 1216 1037 230 923 622 
798 1777 1199 1440 1133 153 224 1642 588 1189 340 1686 928 851 978 1523 1369 1613 798 1007 748 1048 1926 232 851 319 653 735 1417 449 966 1806 782 1254 1892 203 1985 391 415 1982 527 1678 1273 432 567 1228 1505 837 64 1962 1240 347 1629 1010 1986 1683 1600 879 1440 1887 1020 1986 1132 525 1679 55 1204 1651 544 407 906 987 1462 1295 347 1729 394 592 863 731 
1325 616 1377 472 236 1858 1968 1964 563 1305 1860 1051 144 3 292 1588 490 444 1912 1952 1410 431 891 202 1720 781 755 657 1361 903 756 140 695 526 1314 334 1906 238 118 1899 1766 1717 514 1241 1933 26 824 362 1142 60 376 841 189 1833 1368 194 557 1329 346 168 36 1257 696 561 951 1860 1971 756 517 1935 1116 1799 928 1916 658 114 841 1185 302 936 
1723 833 379 1766 1035 972 1771 556 1390 115 549 621 764 47 1395 978 1796 1234 923 275 1568 493 1916 536 1161 148 1436 733 1102 671 111 1957 1250 1602 523 1280 1715 880 1034 1904 562 763 1919 1784 1664 495 604 166 326 1248 100 995 24 593 204 1704 810 182 1576 1571 1795 1740 835 330 433 1191 62 111 238 1117 1597 341 882 114 127 834 472 1426 509 1926 
101 182 548 731 1703 977 406 988 1610 699 1693 1739 241 1552 562 750 1682 873 605 1626 691 379 638 67 548 222 732 819 701 33 1564 313 842 300 436 403 1732 759 1216 1263 993 1593 1524 222 1375 1027 1347 170 29 1134 880 1834 474 658 67 1236 690 824 879 194 870 35 498 1944 1964 1082 1052 1876 1783 1577 531 263 1320 745 389 1715 1909 221 1520 566 
505 911 1199 1382 299 314 70 557 1668 409 1600 56 651 1519 1702 1690 1044 1689 35 118 73 977 1750 1676 1878 948 1032 483 1867 486 911 937 766 1892 65 1863 655 235 1261 1769 1696 1912 1047 444 1189 1407 914 1912 584 1263 915 272 897 1029 1779 1751 883 1281 245 1270 1050 1078 553 76 164 678 1264 1973 1341 1981 65 861 1456 716 1723 967 1707 217 764 1529 
1554 165 1570 123 327 175 1024 1760 1480 967 1475 387 873 245 981 262 516 1851 2 1815 238 872 105 852 92 655 1253 1712 1509 999 1693 1254 1082 1204 1001 94 1747 1686 1862 1230 1740 1216 59 627 992 908 1773 336 1493 1213 608 133 1768 597 1279 84 1370 1080 382 1104 908 1472 1341 1287 1686 403 1328 18 622 1666 1405 714 663 451 917 349 1912 513 167 1393 
1999 242 226 616 134 442 1449 1317 1524 1487 1740 511 1063 1884 388 851 656 233 1022 1134 191 1051 1037 1323 1714 312 89 1626 680 878 1212 1554 635 1940 1423 56 1613 1761 1216 944 945 891 1543 404 910 1315 1946 963 1600 1152 1213 1323 239 1609 109 890 980 119 1503 401 888 649 1156 1963 1392 218 1121 1884 1031 736 684 77 954 454 1897 967 1465 1213 166 1662 
